{
  "nbformat": 4,
  "nbformat_minor": 0,
  "metadata": {
    "colab": {
      "name": "CPP To Work",
      "provenance": [],
      "collapsed_sections": [],
      "include_colab_link": true
    },
    "kernelspec": {
      "name": "python3",
      "display_name": "Python 3"
    }
  },
  "cells": [
    {
      "cell_type": "markdown",
      "metadata": {
        "id": "view-in-github",
        "colab_type": "text"
      },
      "source": [
        "<a href=\"https://colab.research.google.com/github/softcomput/cp-colab/blob/main/CPP_To_Work.ipynb\" target=\"_parent\"><img src=\"https://colab.research.google.com/assets/colab-badge.svg\" alt=\"Open In Colab\"/></a>"
      ]
    },
    {
      "cell_type": "code",
      "metadata": {
        "id": "NJVLjqLHKv0p"
      },
      "source": [
        "!pip install ortools"
      ],
      "execution_count": null,
      "outputs": []
    },
    {
      "cell_type": "code",
      "metadata": {
        "id": "lKXZtcSZJwf2",
        "colab": {
          "base_uri": "https://localhost:8080/"
        },
        "outputId": "ad05d334-cb9c-4357-8b93-1143b7bb07c4"
      },
      "source": [
        "import logging\n",
        "import re\n",
        "\n",
        "from ortools.linear_solver import pywraplp\n",
        "import numpy as np\n",
        "\n",
        "\n",
        "class _CPPToWork:\n",
        "    \"\"\"_CPPToWork\n",
        "\n",
        "    Attributes:\n",
        "        data (dict):\n",
        "            Vs (list): servers\n",
        "            Vc (list): clients\n",
        "            Q (list): capacities\n",
        "            T (list): maximum ride times\n",
        "            Ls (list): latest arrival time of servers\n",
        "            Lc (list): latest arrival time of clients\n",
        "            distance (2-d list): distance for each server and client\n",
        "            duration (2-d list): duration for each server and client\n",
        "    \"\"\"\n",
        "    def __init__(self, data):\n",
        "        self.d = self.__format_data(data)\n",
        "\n",
        "    def __format_data(self, data):\n",
        "        \"\"\" __format_data\n",
        "\n",
        "        Format data model.\n",
        "        \"\"\"\n",
        "        distance = []\n",
        "        for vs_d in data['distance'][0:len(data['Vs'])]:\n",
        "            distance.append(vs_d)\n",
        "            distance.extend(data['distance'][len(data['Vs']):])\n",
        "        data['distance'] = distance\n",
        "\n",
        "        duration = []\n",
        "        for vs_d in data['duration'][0:len(data['Vs'])]:\n",
        "            duration.append(vs_d)\n",
        "            duration.extend(data['duration'][len(data['Vs']):])\n",
        "        data['duration'] = duration\n",
        "\n",
        "        duration_vc = []\n",
        "        for vc in range(len(data['Vc'])):\n",
        "            duration_vc.append(data['duration'][vc + 1][0])\n",
        "        data['duration_vc'] = duration_vc\n",
        "\n",
        "        l_vc = []\n",
        "        for vs in range(len(data['Vs'])):\n",
        "            l = []\n",
        "            l.append(data['Ls'][vs])\n",
        "            l.extend(data['Lc'])\n",
        "            l_vc.append(l)\n",
        "        data['L'] = l_vc\n",
        "\n",
        "        if data.get('preference'):\n",
        "            preference = []\n",
        "            for vs_d in data['preference'][0:len(data['Vs'])]:\n",
        "                preference.append(vs_d)\n",
        "                preference.extend(data['preference'][len(data['Vs']):])\n",
        "            data['preference'] = preference\n",
        "\n",
        "        return data\n",
        "\n",
        "    def __create_variables(self, solver):\n",
        "        \"\"\" __create_variables\n",
        "\n",
        "        Create variables.\n",
        "\n",
        "        Returns:\n",
        "            x (list): x^k_ij, k in Vs\n",
        "            y (list): y_i, i in Vc\n",
        "            u (list): u^k_i, 1 <= u^k_i <= L_i - t_i0, i in V\n",
        "        \"\"\"\n",
        "        x = []\n",
        "        u = []\n",
        "        for idx, k in enumerate(self.d['Vs']):\n",
        "            ai = [k]\n",
        "            ai.extend(self.d['Vc'])\n",
        "            aj = [0]\n",
        "            aj.extend(self.d['Vc'])\n",
        "            for i in ai:\n",
        "                x.append([\n",
        "                    solver.IntVar(0, 1, 'x{}({},{})'.format(k, i, j))\n",
        "                    for j in aj])\n",
        "\n",
        "            t_i0 = [self.d['duration'][(1 + len(self.d['Vc'])) * idx][0]]\n",
        "            for idx_i in range(len(ai[1:])):\n",
        "                t_i0.append(self.d['duration'][\n",
        "                    1 + (1 + len(self.d['Vc'])) * idx + idx_i][0])\n",
        "            u.append([solver.IntVar(\n",
        "                1,\n",
        "                self.d['L'][idx][idx_i] - t_i0[idx_i],\n",
        "                'u{}({})'.format(k, i)) for idx_i, i in enumerate(ai)])\n",
        "        y = [solver.IntVar(0, 1, 'y({})'.format(i)) for i in self.d['Vc']]\n",
        "        return x, y, u\n",
        "\n",
        "    def __create_constraints(self, solver, x, y, u):\n",
        "        \"\"\" __create_constraints\n",
        "\n",
        "        Create constraints.\n",
        "        \"\"\"\n",
        "        n = len(self.d['Vc']) + 1\n",
        "\n",
        "        for vs in range(len(self.d['Vs'])):\n",
        "            k = vs * n\n",
        "            # Each employee leaves its house.\n",
        "            solver.Add(solver.Sum(x[k]) == 1)\n",
        "            # Each employee arrives at the workspace.\n",
        "            solver.Add(solver.Sum([x[j][0] for j in range(k, k + n)]) == 1)\n",
        "            # Continuity.\n",
        "            for i in range(1, len(self.d['Vc']) + 1):\n",
        "                solver.Add(\n",
        "                    solver.Sum([x[j][i] for j in range(k, k + n)]) -\n",
        "                    solver.Sum(x[k + i]) == 0)\n",
        "            # Capacity.\n",
        "            solver.Add(\n",
        "                solver.Sum([x_k for i in range(n) for x_k in x[k + i]]) <=\n",
        "                self.d['Q'][vs])\n",
        "            # Maximum ride time.\n",
        "            solver.Add(\n",
        "                solver.Sum([np.inner(d, _x) for d, _x in zip(\n",
        "                    self.d['duration'][k:k + n], x[k:k + n])]) <=\n",
        "                self.d['T'][vs])\n",
        "            # Own arc is not passed.\n",
        "            for i in range(1, len(self.d['Vc']) + 1):\n",
        "                solver.Add(x[k + i][i] == 0)\n",
        "            # Arrival time condition with subtour elimination constraints.\n",
        "            for j in range(1, len(u[vs])):\n",
        "                solver.Add(\n",
        "                    u[vs][0] +\n",
        "                    self.d['duration'][k][j] -\n",
        "                    self.d['Ls'][vs] * (1 - x[k][j]) <=\n",
        "                    u[vs][j])\n",
        "            for i in range(1, len(u[vs])):\n",
        "                for j in range(1, len(u[vs])):\n",
        "                    if str(u[vs][i]) != str(u[vs][j]):\n",
        "                        solver.Add(\n",
        "                            u[vs][i] +\n",
        "                            self.d['duration'][k + i][j] -\n",
        "                            self.d['Ls'][vs] * (1 - x[k + i][j]) <=\n",
        "                            u[vs][j])\n",
        "            solver.Add(u[vs][0] == 1)\n",
        "\n",
        "        # Each client is either picked up by a server or is left unserviced.\n",
        "        for vc in range(len(self.d['Vc'])):\n",
        "            solver.Add(\n",
        "                solver.Sum([x_k for vs in range(len(self.d['Vs']))\n",
        "                           for x_k in x[vs * n + vc + 1]]) + y[vc] == 1)\n",
        "\n",
        "    def __create_objective(self, solver, x, y):\n",
        "        \"\"\" __create_objective\n",
        "\n",
        "        Create objective.\n",
        "        \"\"\"\n",
        "        if self.d.get('preference'):\n",
        "            solver.Minimize(\n",
        "                solver.Sum([np.inner(d, _x) for d, _x in zip(\n",
        "                    np.array(self.d['preference']) *\n",
        "                    np.array(self.d['duration']), x)]) +\n",
        "                solver.Sum([np.inner(np.array(self.d['duration_vc']) * 1, y)]))\n",
        "        else:\n",
        "            solver.Minimize(\n",
        "                solver.Sum([np.inner(d, _x) for d, _x in zip(\n",
        "                    self.d['duration'], x)]) +\n",
        "                solver.Sum([np.inner(np.array(self.d['duration_vc']) * 2, y)]))\n",
        "\n",
        "    def solve(self):\n",
        "        \"\"\" solve\n",
        "\n",
        "        Solve CPP.\n",
        "        \"\"\"\n",
        "        solver = pywraplp.Solver(\n",
        "            'cp', pywraplp.Solver.CBC_MIXED_INTEGER_PROGRAMMING)\n",
        "\n",
        "        x, y, u = self.__create_variables(solver)\n",
        "        self.__create_constraints(solver, x, y, u)\n",
        "        self.__create_objective(solver, x, y)\n",
        "\n",
        "        status = solver.Solve()\n",
        "\n",
        "        paths = {}\n",
        "        if status == pywraplp.Solver.OPTIMAL:\n",
        "            n = len(self.d['Vc']) + 1\n",
        "            root = []\n",
        "            for i in range(len(self.d['Vs']) * n):\n",
        "                for j in range(n):\n",
        "                    if x[i][j].solution_value():\n",
        "                        root.append(x[i][j].name())\n",
        "                        r = re.findall(r'\\w+', x[i][j].name())\n",
        "                        r[0] = r[0].lstrip('x')\n",
        "                        if not r[0] in paths:\n",
        "                            paths[r[0]] = []\n",
        "                        paths[r[0]].append((r[1], r[2]))\n",
        "            paths = self.__format_paths(paths)\n",
        "            not_pickup_clients = []\n",
        "            for i in range(len(self.d['Vc'])):\n",
        "                not_pickup_clients.append((y[i].name(), y[i].solution_value()))\n",
        "            arrival_times = []\n",
        "            for i in range(len(self.d['Vs'])):\n",
        "                arrival_times.append([\n",
        "                    (u[i][j].name(), u[i][j].solution_value())\n",
        "                    for j in range(len(u[i]))])\n",
        "            logging.info(\n",
        "                'Root %s, not pickup clients %s, and arrival_times %s solved in %d variables, \\\n",
        "                %d constraints, %f objective value, %f milliseconds, \\\n",
        "                %d iterations, and %d branch-and-bound nodes.' % (\n",
        "                    root, not_pickup_clients, arrival_times,\n",
        "                    solver.NumVariables(),\n",
        "                    solver.NumConstraints(),\n",
        "                    solver.Objective().Value(),\n",
        "                    solver.wall_time(), solver.iterations(), solver.nodes()))\n",
        "        else:\n",
        "            logging.info('The problem does not have an optimal solution.')\n",
        "        m, tdr, rti = self.__evaluate(x, y)\n",
        "        return {\n",
        "            'feasible_paths': paths,\n",
        "            '%m': m,\n",
        "            '%tdr': tdr,\n",
        "            '%rti': rti\n",
        "        }\n",
        "\n",
        "    def __format_paths(self, paths):\n",
        "        for i in paths:\n",
        "            clients = []\n",
        "            next = paths[i][0][1]\n",
        "            for _ in paths[i]:\n",
        "                if not next == '0':\n",
        "                    for j in paths[i]:\n",
        "                        if next == j[0]:\n",
        "                            clients.append(j[0])\n",
        "                            next = j[1]\n",
        "                            break\n",
        "            paths[i] = clients\n",
        "        return paths\n",
        "\n",
        "    def __evaluate(self, x, y):\n",
        "        total_distance = 0\n",
        "        total_duration = 0\n",
        "        original_distance = 0\n",
        "        original_duration_vs = 0\n",
        "        n = len(self.d['Vc']) + 1\n",
        "        for i in range(len(self.d['Vs']) * n):\n",
        "            for j in range(n):\n",
        "                if x[i][j].solution_value():\n",
        "                    total_distance += self.d['distance'][i][j]\n",
        "                    total_duration += self.d['duration'][i][j]\n",
        "        for i in range(len(self.d['Vs'])):\n",
        "            original_distance += self.d['distance'][i * n][0]\n",
        "            original_duration_vs += self.d['duration'][i * n][0]\n",
        "        not_pickup_clients = 0\n",
        "        for i in range(len(self.d['Vc'])):\n",
        "            if y[i].solution_value() == 1:\n",
        "                not_pickup_clients += 1\n",
        "                total_distance += self.d['distance'][i + 1][0]\n",
        "            original_distance += self.d['distance'][i + 1][0]\n",
        "\n",
        "        m = (len(self.d['Vc']) - not_pickup_clients) / len(self.d['Vc'])\n",
        "        tdr = 1 - total_distance / original_distance\n",
        "        rti = total_duration / original_duration_vs\n",
        "        return m, tdr, rti\n",
        "\n",
        "data = create_data_model()\n",
        "output = _CPPToWork(data).solve()\n",
        "print(output)"
      ],
      "execution_count": null,
      "outputs": [
        {
          "output_type": "stream",
          "text": [
            "{'feasible_paths': {'3': ['205', '242', '196'], '5': ['190', '282'], '13': ['249', '208', '237', '264'], '14': ['222'], '17': ['157'], '26': [], '29': ['274', '168', '301'], '40': ['235'], '41': ['177'], '44': ['245', '229']}, '%m': 1.0, '%tdr': 0.48038629276252753, '%rti': 1.3573770491803279}\n"
          ],
          "name": "stdout"
        }
      ]
    },
    {
      "cell_type": "code",
      "metadata": {
        "id": "E4mLjjhTBop9"
      },
      "source": [
        "def create_data_model():\n",
        "    \"\"\"Stores the data for the problem.\"\"\"\n",
        "    data = {}\n",
        "    data['Vs'] = ['a', 'b']\n",
        "    data['Vc'] = ['c', 'd', 'e', 'f', 'g', 'h', 'i']\n",
        "    data['Q'] = [7, 5]\n",
        "    data['T'] = [12, 15]\n",
        "    data['Ls'] = [120, 120]\n",
        "    data['Lc'] = [60, 60, 60, 60, 60, 60, 101]\n",
        "    data['distance'] = [\n",
        "                        [10, 5, 7, 10, 1, 3, 10, 100],\n",
        "                        [10, 7, 9, 4, 11, 11, 12, 100],\n",
        "                        [5, 0, 2, 5, 4, 2, 5, 100],\n",
        "                        [3, 2, 0, 5, 6, 4, 3, 100],\n",
        "                        [6, 5, 5, 0, 9, 7, 8, 100],\n",
        "                        [9, 4, 6, 9, 0, 2, 9, 100],\n",
        "                        [7, 2, 4, 7, 2, 0, 7, 100],\n",
        "                        [1, 5, 3, 8, 9, 7, 0, 100],\n",
        "                        [100, 100, 100, 100, 100, 100, 100, 0],\n",
        "                        ]\n",
        "    data['duration'] = [\n",
        "                        [10, 5, 7, 10, 1, 3, 10, 100],\n",
        "                        [10, 7, 9, 4, 11, 11, 12, 100],\n",
        "                        [5, 0, 2, 5, 4, 2, 5, 100],\n",
        "                        [3, 2, 0, 5, 6, 4, 3, 100],\n",
        "                        [6, 5, 5, 0, 9, 7, 8, 100],\n",
        "                        [9, 4, 6, 9, 0, 2, 9, 100],\n",
        "                        [7, 2, 4, 7, 2, 0, 7, 100],\n",
        "                        [1, 5, 3, 8, 9, 7, 0, 100],\n",
        "                        [100, 100, 100, 100, 100, 100, 100, 0],\n",
        "                        ]\n",
        "    # data['preference'] = [\n",
        "    #                     [1, 1, 1, 1, 1, 1, 1, 1],\n",
        "    #                     [1, 1, 1, 1, 1, 1, 0.1, 1],\n",
        "    #                     [1, 0, 1, 1, 1, 1, 1, 1],\n",
        "    #                     [1, 1, 0, 1, 1, 1, 1, 1],\n",
        "    #                     [1, 1, 1, 0, 1, 1, 0.1, 1],\n",
        "    #                     [1, 1, 1, 1, 0, 1, 1, 1],\n",
        "    #                     [1, 1, 1, 1, 1, 0, 1, 1],\n",
        "    #                     [1, 1, 1, 0.1, 1, 1, 0, 1],\n",
        "    #                     [1, 1, 1, 1, 1, 1, 1, 0],\n",
        "    #                     ]\n",
        "    return data"
      ],
      "execution_count": null,
      "outputs": []
    },
    {
      "cell_type": "code",
      "metadata": {
        "id": "moMWMONpBEMp"
      },
      "source": [
        "def create_data_model():\n",
        "    \"\"\"Stores the data for the problem.\"\"\"\n",
        "    data = {}\n",
        "    data['Vs'] = ['3', '5', '13', '14', '17', '26', '29', '40', '41', '44']\n",
        "    data['Vc'] = ['157', '160', '168', '177', '190', '196', '205', '208', '222', '229', '235', '237', '242', '245', '248', '249', '264', '274', '282', '301']\n",
        "    data['Q'] = [5, 5, 5, 5, 5, 5, 5, 5, 5, 5]\n",
        "    data['T'] = [3600, 3600, 3600, 3600, 3600, 3600, 3600, 3600, 3600, 3600]\n",
        "    data['Ls'] = [7200, 7200, 7200, 7200, 7200, 7200, 7200, 7200, 7200, 7200]\n",
        "    data['Lc'] = [7200, 7200, 7200, 7200, 7200, 7200, 7200, 7200, 7200, 7200, 7200, 7200, 7200, 7200, 7200, 7200, 7200, 7200, 7200, 7200]\n",
        "    data['distance'] = [[5945,5095,8433,4113,4080,2195,3817,408,7770,4305,7509,3146,5903,1784,7159,8433,8189,4936,6153,4225,2625],\n",
        "                        [6536,3977,9076,3358,4401,2318,4408,922,7015,6567,8670,3467,5148,2501,7750,9076,8432,5191,5398,4546,2880],\n",
        "                        [6043,12573,1788,6739,7149,7045,6547,8618,4219,10344,3351,7244,4181,7374,3071,1788,2665,5704,5164,6714,6247],\n",
        "                        [3824,8453,6311,4339,1418,2930,1696,4432,7132,2075,5388,1015,5287,2220,5038,6311,7491,3496,6379,2725,2672],\n",
        "                        [8022,3780,9733,4137,5058,3183,5894,2175,7672,7224,9327,4124,5805,3366,9047,9733,9089,5848,5864,5203,3537],\n",
        "                        [8202,5281,10153,7553,5940,4577,5537,3749,10147,5547,10224,5356,8302,3693,9874,10153,10506,7253,9593,6303,5547],\n",
        "                        [7623,9725,5969,4522,5424,5320,6819,6808,1588,8619,6047,5519,1454,5649,5697,5969,3005,3979,2553,4989,3822],\n",
        "                        [7209,4661,8665,2947,3990,2412,5777,1815,6604,6156,8259,3056,4737,2717,7979,8665,8021,4780,4987,4135,2469],\n",
        "                        [4129,7785,5773,3671,605,2262,2765,3764,6008,3339,5367,978,4163,2590,4891,5773,6367,1601,5711,1060,1392],\n",
        "                        [6007,13056,1752,7222,7632,7528,6511,9101,4702,8677,3315,7727,4664,7857,3035,1752,3148,6187,5647,7197,6730],\n",
        "                        [11788,0,23024,7029,8071,6494,9123,5230,10686,9133,13810,7137,8819,7279,13460,23024,12103,8862,9069,8216,6551],\n",
        "                        [4727,23024,0,7096,5859,7509,5231,9082,5681,7397,2035,6422,5315,7738,1755,0,4127,4609,6626,5206,6711],\n",
        "                        [5698,7029,7096,0,4224,3460,4573,4074,4875,6390,6526,3290,2686,3915,6246,7311,6292,3075,2320,3007,1694],\n",
        "                        [4067,8071,5859,4224,0,2236,1939,4344,6311,2994,4747,1558,4466,3334,4397,5706,6670,1534,5501,993,1682],\n",
        "                        [4988,6494,7509,3460,2236,0,3185,2377,5738,4148,6425,1048,3893,1154,6145,6831,6097,2844,4957,1894,1138],\n",
        "                        [2238,9123,5231,4573,1939,3185,0,4201,7534,2766,4260,2691,5689,2931,3910,5039,7222,2758,7017,2169,2906],\n",
        "                        [6199,5230,9082,4074,4344,2377,4201,0,7634,4559,7763,3010,5767,1986,7413,8499,7765,4512,6017,4089,2489],\n",
        "                        [8812,10686,5681,4875,6311,5738,7534,7634,0,9485,6760,6385,2320,6515,6410,6184,1417,4845,3304,5855,4688],\n",
        "                        [4177,9133,7397,6390,2994,4148,2766,4559,9485,0,6199,3093,7365,3429,5849,7205,9569,4440,8457,3899,4750],\n",
        "                        [3375,13810,2035,6526,4747,6425,4260,7763,6760,6199,0,6789,5050,7086,350,2890,5189,3872,6753,5958,6694],\n",
        "                        [4842,7137,6422,3290,1558,1048,2691,3010,6385,3093,6789,0,4264,2236,5547,6233,6468,2474,5357,1703,1649],\n",
        "                        [6595,8819,5315,2686,4466,3893,5689,5767,2320,7365,5050,4264,0,4621,4669,5664,3592,2951,1699,3961,3353],\n",
        "                        [5760,7279,7738,3915,3334,1154,2931,1986,6515,3429,7086,2236,4621,0,6916,7602,6868,3615,5729,2665,1910],\n",
        "                        [3025,13460,1755,6246,4397,6145,3910,7413,6410,5849,350,5547,4669,6916,0,2540,4839,3522,6403,5608,6344],\n",
        "                        [4727,23024,0,7311,5706,6831,5039,8499,6184,7205,2890,6233,5664,7602,2540,0,4127,4609,6626,5206,6711],\n",
        "                        [7118,12103,4127,6292,6670,6097,7222,7765,1417,9569,5189,6468,3592,6868,4839,4127,0,5067,4721,6077,5610],\n",
        "                        [3956,8862,4609,3075,1534,2844,2758,4512,4845,4440,3872,2474,2951,3615,3522,4609,5067,0,4394,863,1966],\n",
        "                        [8094,9069,6626,2320,5501,4957,7017,6017,3304,8457,6753,5357,1699,5729,6403,6626,4721,4394,0,5460,3760],\n",
        "                        [3783,8216,5206,3007,993,1894,2169,4089,5855,3899,5958,1703,3961,2665,5608,5206,6077,863,5460,0,1608],\n",
        "                        [4692,6551,6711,1694,1682,1138,2906,2489,4688,4750,6694,1649,3353,1910,6344,6711,5610,1966,3760,1608,0]]\n",
        "    data['duration'] = [[1027,707,1332,686,582,374,602,132,1157,605,1239,387,966,315,1149,1332,1208,784,960,667,457],\n",
        "                        [1130,539,1349,537,541,362,705,216,1008,646,1250,346,817,349,1252,1349,1150,784,811,626,458],\n",
        "                        [1113,1742,394,1045,1100,1039,1090,1303,570,1316,642,1016,652,1067,563,394,414,812,780,1041,963],\n",
        "                        [701,934,1006,550,184,292,276,491,995,226,913,74,829,289,823,1006,993,538,824,399,341],\n",
        "                        [1288,565,1467,632,659,499,863,406,1125,764,1368,464,934,486,1289,1467,1267,902,916,744,576],\n",
        "                        [1049,496,1447,1011,746,531,717,513,1346,658,1294,571,1180,445,1204,1447,1343,919,1285,862,712],\n",
        "                        [1311,1433,839,681,983,922,1127,1113,247,1199,1059,899,304,950,969,839,388,695,379,924,812],\n",
        "                        [1126,660,1342,530,534,389,688,379,1001,639,1243,339,810,396,1164,1342,1143,778,804,619,452],\n",
        "                        [804,981,1044,597,144,340,457,538,1029,379,945,170,863,368,898,1044,1027,423,871,291,385],\n",
        "                        [1126,1843,407,1146,1201,1140,1103,1404,671,1414,655,1117,753,1168,576,407,515,913,881,1142,1064],\n",
        "                        [1462,0,1520,1043,1047,902,1138,699,1514,1079,1707,852,1323,866,1617,1520,1656,1291,1317,1132,965],\n",
        "                        [868,1520,0,1134,1007,1151,845,1415,818,1156,397,1060,920,1207,318,0,662,692,1028,852,1075],\n",
        "                        [1184,1043,1134,0,679,566,882,704,725,784,1093,484,535,627,1014,1122,867,649,485,725,453],\n",
        "                        [725,1047,1007,679,0,415,300,629,1039,416,915,261,873,475,825,1013,1037,392,979,260,387],\n",
        "                        [855,902,1151,566,415,0,507,459,860,415,941,115,694,214,862,1040,857,433,819,376,227],\n",
        "                        [486,1138,845,882,300,507,0,727,1045,358,731,363,879,471,641,824,1011,501,1039,371,487],\n",
        "                        [1154,699,1415,704,629,459,727,0,1216,732,1366,445,1025,327,1276,1336,1154,729,1019,725,515],\n",
        "                        [1284,1514,818,725,1039,860,1045,1216,0,1228,985,928,333,979,895,772,142,724,463,953,841],\n",
        "                        [755,1079,1156,784,416,415,358,732,1228,0,1000,308,1062,461,910,1124,1226,769,1057,637,575],\n",
        "                        [623,1707,397,1093,915,941,731,1366,985,1000,0,958,844,1064,74,527,753,612,1067,875,991],\n",
        "                        [774,852,1060,484,261,115,363,445,928,308,958,0,754,246,869,1047,918,463,749,324,267],\n",
        "                        [1150,1323,920,535,873,694,879,1025,333,1062,844,754,0,789,803,778,443,534,304,763,654],\n",
        "                        [936,866,1207,627,475,214,471,327,979,461,1064,246,789,0,943,1121,939,514,900,458,308],\n",
        "                        [548,1617,318,1014,825,862,641,1276,895,910,74,869,803,943,0,452,678,538,992,800,916],\n",
        "                        [868,1520,0,1122,1013,1040,824,1336,772,1124,527,1047,778,1121,452,0,662,692,1028,852,1075],\n",
        "                        [1097,1656,662,867,1037,857,1011,1154,142,1226,753,918,443,939,678,662,0,674,616,903,825],\n",
        "                        [691,1291,692,649,392,433,501,729,724,769,612,463,534,514,538,692,674,0,725,213,472],\n",
        "                        [1382,1317,1028,485,979,819,1039,1019,463,1057,1067,749,304,900,992,1028,616,725,0,995,749],\n",
        "                        [737,1132,852,725,260,376,371,725,953,637,875,324,763,458,800,852,903,213,995,0,377],\n",
        "                        [856,965,1075,453,387,227,487,515,841,575,991,267,654,308,916,1075,825,472,749,377,0]]\n",
        "    # data['preference'] = [[1,0.7333333333,0.4666666667,0.7333333333,0.6,0.4666666667,0.6,0.4666666667,0.6,1,0.4,0.6,0.6,0.4666666667,0.4,0.2,0.4666666667,0.2,0.6,0.6,1],\n",
        "    #                     [1,0.2,0.7333333333,0.2,0.6,0.2,0.6,0.2,0.6,0.2,0.6,0.2,0.2,0.4666666667,0.6,0.7333333333,0.2,1,0.2,0.6,0.2],\n",
        "    #                     [1,0.6,0.6,1,0.6,0.6,0.6,0.6,0.6,1,0.2,1,0.6,0.2,0.6,0.2,0.6,0.2,1,0.6,1],\n",
        "    #                     [1,0.2,1,0.6,0.6,0.2,0.6,0.2,0.6,0.6,0.6,0.6,0.2,0.6,1,0.6,0.2,1,0.6,1,0.6],\n",
        "    #                     [1,0.7333333333,1,0.7333333333,0.6,0.4666666667,0.2,0.4666666667,0.2,1,0.7333333333,0.6,0.4666666667,0.7333333333,0.7333333333,0.7333333333,0.4666666667,1,0.6,1,1],\n",
        "    #                     [1,0.2,0.7333333333,0.4666666667,0.6,0.4666666667,0.6,0.4666666667,0.6,0.2,0.4666666667,0.6,0.2,0.4666666667,0.7333333333,0.7333333333,0.4666666667,1,0.6,0.6,0.2],\n",
        "    #                     [1,1,0.2,1,1,1,1,1,1,1,0.2,1,1,0.2,0.2,0.2,1,0.2,1,0.2,1],\n",
        "    #                     [1,0.2,1,0.6,0.6,0.2,0.6,0.2,0.6,0.6,0.6,0.6,0.2,0.6,1,0.6,0.2,1,0.6,1,0.6],\n",
        "    #                     [1,0.2,0.7333333333,0.2,0.6,0.2,0.6,0.2,0.6,0.2,0.6,0.2,0.2,0.4666666667,0.6,0.7333333333,0.2,1,0.2,0.6,0.2],\n",
        "    #                     [1,1,1,1,0.2,1,1,1,1,1,1,1,1,1,1,1,1,1,1,1,1],\n",
        "    #                     [1,1,0.7333333333,0.4666666667,0.6,0.4666666667,0.6,0.4666666667,0.6,0.2,0.4666666667,0.6,0.2,0.4666666667,0.7333333333,0.7333333333,0.4666666667,1,0.6,0.6,0.2],\n",
        "    #                     [1,0.7333333333,1,0.7333333333,1,1,1,1,1,0.6,0.2,1,0.7333333333,0.4666666667,0.2,0.4666666667,1,0.2,1,0.2,0.6],\n",
        "    #                     [1,0.4666666667,0.7333333333,1,1,0.4666666667,1,0.4666666667,1,0.2,0.7333333333,0.2,0.2,0.7333333333,0.4666666667,1,0.4666666667,1,0.2,0.6,0.2],\n",
        "    #                     [1,0.6,1,1,1,0.6,0.6,0.6,0.6,1,0.6,1,0.6,0.6,1,0.6,0.6,1,1,1,1],\n",
        "    #                     [1,0.4666666667,1,0.4666666667,0.6,1,0.6,0.2,0.6,0.6,0.7333333333,0.2,0.2,0.7333333333,0.7333333333,0.7333333333,0.2,1,0.2,1,0.6],\n",
        "    #                     [1,0.6,1,1,0.6,0.6,1,0.6,0.2,1,0.6,1,0.6,0.6,1,0.6,0.6,1,1,1,1],\n",
        "    #                     [1,0.4666666667,1,0.4666666667,0.6,0.2,0.6,1,0.6,0.6,0.7333333333,0.2,0.2,0.7333333333,0.7333333333,0.7333333333,0.2,1,0.2,1,0.6],\n",
        "    #                     [1,0.6,1,1,0.6,0.6,0.2,0.6,1,1,0.6,1,0.6,0.6,1,0.6,0.6,1,1,1,1],\n",
        "    #                     [1,0.2,0.6,0.2,1,0.6,1,0.6,1,1,0.6,0.6,0.2,0.6,0.6,1,0.6,1,0.6,0.6,0.2],\n",
        "    #                     [1,0.4666666667,0.2,0.7333333333,0.6,0.7333333333,0.6,0.7333333333,0.6,0.6,1,1,0.6,0.2,0.4,0.2,0.7333333333,0.2,1,0.2,0.6],\n",
        "    #                     [1,0.6,1,0.2,1,0.2,1,0.2,1,0.6,1,1,0.2,1,0.6,1,0.2,1,0.2,1,0.6],\n",
        "    #                     [1,0.2,0.7333333333,0.2,0.6,0.2,0.6,0.2,0.6,0.2,0.6,0.2,1,0.4666666667,0.6,0.7333333333,0.2,1,0.2,0.6,0.2],\n",
        "    #                     [1,0.4666666667,0.4666666667,0.7333333333,0.6,0.7333333333,0.6,0.7333333333,0.6,0.6,0.2,1,0.4666666667,1,0.4666666667,0.4666666667,0.7333333333,0.2,1,0.2,0.6],\n",
        "    #                     [1,0.7333333333,0.2,0.4666666667,1,0.7333333333,1,0.7333333333,1,0.6,0.4,0.6,0.6,0.4666666667,1,0.4666666667,0.7333333333,0.2,0.6,0.2,0.6],\n",
        "    #                     [1,0.7333333333,0.4666666667,1,0.6,0.7333333333,0.6,0.7333333333,0.6,1,0.2,1,0.7333333333,0.4666666667,0.4666666667,1,0.7333333333,0.2,1,0.6,1],\n",
        "    #                     [1,0.4666666667,1,0.4666666667,0.6,0.2,0.6,0.2,0.6,0.6,0.7333333333,0.2,0.2,0.7333333333,0.7333333333,0.7333333333,1,1,0.2,1,0.6],\n",
        "    #                     [1,1,0.2,1,1,1,1,1,1,1,0.2,1,1,0.2,0.2,0.2,1,1,1,0.2,1],\n",
        "    #                     [1,0.6,1,0.2,1,0.2,1,0.2,1,0.6,1,0.2,0.2,1,0.6,1,0.2,1,1,1,0.6],\n",
        "    #                     [1,0.6,0.2,0.6,1,1,1,1,1,0.6,0.2,1,0.6,0.2,0.2,0.6,1,0.2,1,1,0.6],\n",
        "    #                     [1,0.2,0.6,0.2,1,0.6,1,0.6,1,0.2,0.6,0.6,0.2,0.6,0.6,1,0.6,1,0.6,0.6,1]]\n",
        "    return data"
      ],
      "execution_count": null,
      "outputs": []
    },
    {
      "cell_type": "code",
      "metadata": {
        "id": "1q86MehOCis4"
      },
      "source": [
        "def create_data_model():\n",
        "   \"\"\"Stores the data for the problem.\"\"\"\n",
        "   data = {}\n",
        "   data['Vs'] = [3, 5, 13, 14, 17, 26, 29, 40, 41, 44, 55, 58, 70, 80, 86, 88, 96, 97, 99, 102, 109, 111, 119, 120, 121, 133, 141, 149, 151, 153]\n",
        "   data['Vc'] = [157, 160, 168, 177, 190, 196, 205, 208, 222, 229, 235, 237, 242, 245, 248, 249, 264, 274, 282, 301, 304, 308, 315, 324, 325, 333, 334, 336, 340, 357, 374, 394, 399, 410, 411, 431, 435, 455, 466, 475, 486, 504, 505, 511, 517, 539, 542, 547, 548, 550, 554, 570, 578, 584, 593, 604, 607, 621, 628, 636, 640, 646, 658, 669, 691, 698, 707, 709]\n",
        "   data['Q'] = [5, 5, 5, 5, 5, 5, 5, 5, 5, 5, 5, 5, 5, 5, 5, 5, 5, 5, 5, 5, 4, 4, 4, 4, 4, 7, 7, 7, 7, 7]\n",
        "   data['T'] = [3600, 3600, 3600, 3600, 3600, 3600, 3600, 3600, 3600, 3600, 3600, 3600, 3600, 3600, 3600, 3600, 3600, 3600, 3600, 3600, 3600, 3600, 3600, 3600, 3600, 3600, 3600, 3600, 3600, 3600]\n",
        "   data['distance'] = [[5945,5095,8433,4113,4080,2195,3817,408,7770,4305,7509,3146,5903,1784,7159,8433,8189,4936,6153,4225,2625,3924,6743,3548,8489,3107,8560,3072,4316,1948,8429,6721,5095,3195,2693,3156,6436,2980,3454,4299,3146,3422,4726,7770,5632,2643,6055,3268,3268,3268,3268,2365,6929,3626,3229,6432,6721,4987,5872,7803,4332,4616,2427,13261,4987,6149,8433,7582,5658],\n",
        "                        [6536,3977,9076,3358,4401,2318,4408,922,7015,6567,8670,3467,5148,2501,7750,9076,8432,5191,5398,4546,2880,2837,7334,3869,8740,2352,8811,3663,3561,2071,8680,7991,3977,3786,2340,4220,6686,3236,4020,4669,3467,3963,3639,7015,6172,2173,5300,2513,3175,2513,3175,2628,8199,3881,2474,7702,7991,3870,6463,8089,4702,4937,1013,13850,3870,6400,9076,6827,4903],\n",
        "                        [6043,12573,1788,6739,7149,7045,6547,8618,4219,10344,3351,7244,4181,7374,3071,1788,2665,5704,5164,6714,6247,11152,3863,6617,1391,7811,810,9984,6431,7409,1834,14358,12573,10106,6620,10269,4266,5675,10974,5396,7244,6073,7799,4219,5522,6832,3755,6691,5938,6691,5938,6406,6769,5596,6641,7288,14358,12465,15363,2279,5429,6032,8189,27034,12465,2937,1788,2353,5066],\n",
        "                        [3824,8453,6311,4339,1418,2930,1696,4432,7132,2075,5388,1015,5287,2220,5038,6311,7491,3496,6379,2725,2672,7031,4622,2048,5708,3327,7863,1715,4542,3293,6551,4298,8453,1837,2740,2000,4960,3027,4331,2848,1015,2142,5413,7132,2818,2691,4964,3494,3315,3494,3315,2413,3896,2543,3455,3706,4298,8345,4514,7105,2881,3116,4069,14339,8345,5452,6311,6443,5884],\n",
        "                        [8022,3780,9733,4137,5058,3183,5894,2175,7672,7224,9327,4124,5805,3366,9047,9733,9089,5848,5864,5203,3537,1728,8375,4526,9397,3092,9468,5149,4347,2936,9337,9447,3780,5272,2997,5837,7343,3893,5637,5326,4124,4620,3807,7672,6829,2830,5957,3170,3832,3170,3832,3312,9006,4538,3131,8509,9447,3673,7949,8746,5359,5594,1670,15467,3673,7057,9733,7484,5369],\n",
        "                        [8202,5281,10153,7553,5940,4577,5537,3749,10147,5547,10224,5356,8302,3693,9874,10153,10506,7253,9593,6303,5547,5980,9457,5626,11235,6740,10878,4077,7756,4103,10747,6856,5281,4199,5919,3085,8753,5629,0,6616,5356,5739,7833,10147,7280,5859,7978,6708,6576,6708,6576,5433,7064,5943,6669,6567,6856,5250,6006,10120,6649,6694,5208,11468,5250,8467,10153,9458,9098],\n",
        "                        [7623,9725,5969,4522,5424,5320,6819,6808,1588,8619,6047,5519,1454,5649,5697,5969,3005,3979,2553,4989,3822,8304,5919,4892,5060,4890,4348,8259,4406,5684,5000,10842,9725,8381,4355,8544,4329,3405,9249,3671,5519,4348,4921,1588,5794,4340,1940,3842,3591,3842,3591,4681,8826,3871,3792,8887,10842,9617,11058,2662,3704,4898,5341,18374,9617,3000,5969,2271,3135],\n",
        "                        [7209,4661,8665,2947,3990,2412,5777,1815,6604,6156,8259,3056,4737,2717,7979,8665,8021,4780,4987,4135,2469,3075,7307,3458,8329,1941,8400,4500,3150,2165,8269,8379,4661,4623,1928,4785,6275,2825,4935,4258,3056,3552,3876,6604,5761,1761,4889,2102,2764,2102,2764,2243,7977,3470,2063,7787,8379,4554,7300,7678,4291,4526,22,14765,4554,5989,8665,6416,4492],\n",
        "                        [4129,7785,5773,3671,605,2262,2765,3764,6008,3339,5367,978,4163,2590,4891,5773,6367,1601,5711,1060,1392,6363,4475,383,5170,2658,6739,2979,3874,2625,6013,5562,7785,3101,2071,3264,4422,1491,5595,1712,978,1006,4744,6008,2681,2022,3840,2826,2646,2826,2646,1744,4491,1407,2787,4377,5562,7677,5778,5981,1745,1451,3401,15603,7677,4328,5773,5319,5216],\n",
        "                        [6007,13056,1752,7222,7632,7528,6511,9101,4702,8677,3315,7727,4664,7857,3035,1752,3148,6187,5647,7197,6730,11635,3827,7100,2254,8294,1293,10467,6914,7892,1798,7627,13056,10589,7103,10752,4749,6158,11457,5879,7727,6556,8282,4702,5486,7315,4238,7174,6421,7174,6421,6889,6733,6079,7124,7252,7627,12948,9833,2762,5912,5996,8672,27417,12948,3420,1752,2836,5549],\n",
        "                        [6043,6677,9680,6453,5067,3704,4664,3563,9273,4702,8065,4483,7428,2820,7715,9680,9632,6379,8493,5429,4674,6174,7298,4752,9076,5867,10004,3204,7032,3229,9920,4697,6677,3271,5046,927,7879,4756,2725,5743,4483,4866,8027,9273,7118,4985,7105,5608,5703,5608,5703,4559,4905,5070,5569,4408,4697,6569,3847,9246,5776,5820,4999,11158,6569,7593,9680,8584,7998],\n",
        "                        [11239,2245,21206,8015,8977,7614,8574,6216,11672,8584,13261,8393,9805,6730,12911,21206,13543,10290,10055,9340,7537,4689,12494,8663,20674,7009,13915,7114,8218,7140,20607,9893,2245,7236,6997,6122,11790,8666,3037,9653,8393,8776,8145,11672,10317,6830,9957,7170,7832,7170,7832,7312,10101,8980,7131,9604,9893,2213,9043,13157,9686,9731,5670,14504,2213,11504,21206,11484,9560],\n",
        "                        [3291,9221,3765,3465,3009,3686,2487,5259,5145,4653,2939,2827,3300,4015,2589,3765,5170,786,4627,1382,2888,7800,2173,2477,3162,4452,5542,5567,4019,4050,4005,5268,9221,5689,3261,5852,2414,2316,7615,1027,2827,1704,5934,5145,1462,3473,2455,3357,2589,3357,2589,3047,4373,1469,3307,5117,5268,9114,7190,4784,1060,893,4838,16740,9114,3131,3765,4122,4132],\n",
        "                        [2238,9134,5039,4685,1939,3815,0,4201,7534,2766,4260,2691,5689,2931,3910,5039,7222,2758,7017,2169,2906,7472,3494,2130,4436,5002,7490,3448,5264,3340,5279,3040,9134,3570,3278,3733,3688,2966,5551,3525,2691,2460,5951,7534,2167,3384,4844,3840,3935,3840,3935,3065,2600,2861,3801,2665,3040,9026,4738,6836,3558,1832,5745,14596,9026,5144,5039,6174,6522],\n",
        "                        [3824,8453,6311,4339,1418,2930,1696,4432,7132,2075,5388,1015,5287,2220,5038,6311,7491,3496,6379,2725,2672,7031,4622,2048,5708,3327,7863,1715,4542,3293,6551,4298,8453,1837,2740,2000,4960,3027,4331,2848,1015,2142,5413,7132,2818,2691,4964,3494,3315,3494,3315,2413,3896,2543,3455,3706,4298,8345,4514,7105,2881,3116,4069,14339,8345,5452,6311,6443,5884],\n",
        "                        [8022,3780,9733,4137,5058,3183,5894,2175,7672,7224,9327,4124,5805,3366,9047,9733,9089,5848,5864,5203,3537,1728,8375,4526,9397,3092,9468,5149,4347,2936,9337,9447,3780,5272,2997,5837,7343,3893,5637,5326,4124,4620,3807,7672,6829,2830,5957,3170,3832,3170,3832,3312,9006,4538,3131,8509,9447,3673,7949,8746,5359,5594,1670,15467,3673,7057,9733,7484,5369],\n",
        "                        [3540,8733,6027,4619,994,3210,1412,4711,7411,1864,5104,1294,5566,2283,4754,6027,7770,2440,6659,1899,2951,7311,4338,1591,5424,3606,8142,2314,4822,3573,6267,4086,8733,2436,3019,2599,4676,3306,4930,3128,1294,2422,5692,7411,2550,2970,5243,3774,3594,3774,3594,2692,3214,2823,3735,3024,4086,8625,5113,7384,3161,2289,4349,14938,8625,5731,6027,6722,6164],\n",
        "                        [7721,8801,6719,2030,6033,5269,6383,5884,3330,8199,7295,5099,1716,5725,6945,6719,4747,4077,339,5087,3504,7380,7167,5501,5810,3966,5098,7839,1722,5340,5750,10422,8801,7961,3432,8124,4592,3246,9074,3769,5099,4446,2662,3330,5892,3416,2690,2919,2867,2919,2867,3898,10020,3969,2869,9830,10422,8693,10638,4404,3802,4996,4417,18322,8693,3750,6719,3021,125],\n",
        "                        [5115,8696,8752,8484,5254,4583,4368,4442,10152,3774,7137,5160,8307,3699,6787,8752,10511,7258,10524,6870,5553,7053,6370,6193,8148,7472,10883,4083,8687,4108,8992,3769,8696,2343,6885,1805,7811,5635,3416,6622,5160,6287,9558,10152,6190,6836,7984,7639,6582,7639,6582,6558,3977,5949,7600,3480,3769,7448,2919,10125,6655,6154,5878,10835,7448,8472,8752,9463,10029],\n",
        "                        [5836,6452,7489,1198,3684,2920,4033,3534,4856,5850,6499,2750,2988,3375,6219,7489,6273,3030,3238,2767,1154,5030,5557,3152,6580,1617,6651,5490,1401,2990,6520,8073,6452,5612,1082,5775,4526,1124,6725,2393,2750,1745,3166,4856,3688,1067,3141,215,1015,215,1015,1549,7671,1738,89,7481,8073,6344,8289,5930,2426,2735,2068,15973,6344,4240,7489,4667,2743],\n",
